cpu  8033079 202 1178122 12267617 28969 58802 26906 0 153697 0
cpu0 474609 19 69464 795676 1608 3493 4797 0 6199 0
cpu1 479249 11 69688 793233 1711 3570 1875 0 6735 0
cpu2 507972 11 74711 758035 2066 3782 1442 0 10629 0
cpu3 542617 13 79870 717280 2560 3962 1440 0 14284 0
cpu4 494989 12 71670 775950 1937 3693 1201 0 8556 0
cpu5 540013 18 78966 721448 2474 3893 1306 0 13810 0
cpu6 505449 9 73277 763556 1869 3676 1162 0 9886 0
cpu7 477315 14 69413 797489 1527 3545 1097 0 6736 0
cpu8 479520 15 71004 794363 1244 3440 1078 0 5993 0
cpu9 476991 11 73522 789227 1329 4508 4876 0 6361 0
cpu10 507348 10 74301 762353 1442 3502 1087 0 10270 0
cpu11 538484 10 79565 724920 2005 3646 1191 0 15992 0
cpu12 490896 10 71464 781753 1655 3468 1066 0 7394 0
cpu13 540654 8 79436 722581 2097 3656 1196 0 16113 0
cpu14 500589 9 72056 771111 1835 3484 1055 0 8903 0
cpu15 476376 15 69709 798634 1602 3476 1029 0 5830 0
