cpu  32291886 1445486 7973522 254725461 63382784 1757141 665342 0 110315 177446
cpu0 2710692 92836 587576 15224157 3876009 78390 116774 0 3833 11595
cpu1 1452916 70795 421995 16347977 4221748 67882 75038 0 2892 6403
cpu2 2760062 91896 600861 15916350 3125727 84024 38453 0 3748 11626
cpu3 1483994 70608 431316 15703959 4836483 69199 29801 0 3028 6603
cpu4 1976588 77659 483376 14941542 5047036 70971 27185 0 3786 9956
cpu5 1583465 65199 528066 16340725 3518475 660409 27387 0 2631 5908
cpu6 1839215 76378 627268 15950065 3953342 127255 149995 0 3695 9491
cpu7 1443913 69385 461276 16847932 3711936 71049 24119 0 2617 6269
cpu8 3463635 151866 643019 15574248 2669193 82481 24120 0 18423 22460
cpu9 1510288 77707 435836 17059228 3452499 65232 21611 0 3891 7396
cpu10 3397037 153378 627142 15287106 3051635 65469 22577 0 18331 22192
cpu11 1510562 77520 423778 17300778 3220556 63381 20515 0 4578 7279
cpu12 2090771 105943 443719 14561829 5345789 59394 19552 0 15958 17037
cpu13 1459730 76789 388947 17272098 3340418 59737 19115 0 4647 7336
cpu14 2159537 109359 458819 13730727 6093329 60003 20047 0 14206 18561
cpu15 1449473 78161 410521 16666735 3918601 72257 29045 0 4042 7327
