cpu  7957187 202 1169318 12256969 28932 58487 26810 0 153145 0
cpu0 469996 19 68944 794855 1605 3473 4789 0 6165 0
cpu1 474685 11 69148 792386 1709 3549 1868 0 6694 0
cpu2 503269 11 74170 757330 2064 3762 1436 0 10595 0
cpu3 537841 13 79321 716655 2559 3943 1435 0 14254 0
cpu4 490290 12 71124 775239 1936 3674 1196 0 8519 0
cpu5 535252 18 78410 720815 2471 3874 1301 0 13779 0
cpu6 500677 9 72724 762922 1866 3657 1158 0 9850 0
cpu7 472670 14 68889 796700 1524 3524 1092 0 6699 0
cpu8 474760 15 70465 793696 1242 3421 1074 0 5962 0
cpu9 472301 11 72960 788541 1326 4483 4852 0 6328 0
cpu10 502493 10 73735 761802 1441 3483 1083 0 10222 0
cpu11 533651 10 78968 724385 2002 3627 1187 0 15964 0
cpu12 486082 10 70906 781155 1652 3449 1062 0 7364 0
cpu13 535776 8 78888 722041 2095 3637 1192 0 16091 0
cpu14 495754 9 71498 770530 1834 3465 1052 0 8843 0
cpu15 471683 15 69161 797908 1599 3457 1025 0 5808 0
